lunnx.

01114111111119111111 94, 19. 96,1, 91, 91 Μ14111911111·

0111111911.91.111111111.991.

011111 9111111111, 19. 0111111 0111119911, 91111011 1111111111
411191111111111111194· 91. 91,14.

01111111 111111 1111111111 ,49. 0199111 91,4. 14.

011111 ι11111119ο111944. 44. 0111Ρ1111114111111111 11111·
01111 1111191111 91, 19 96, 11111914 49.

11· 11111· 11· 11· mm· 0111111111. 111. 1111·
ε1111991.11111111119,19.1·.

11111 17,74.011111111-,1,011111111111111111814.
48- . - Ρ.1111111111191.119.119.

011111111199, 1. ,9 91196, “.111 .

28 0111111111 (1110111111) 199.

0109111111 11111194. 91. »,4199. 441.

01111 Ρ1111111 9111161111 41, 0111911 11,19 96, 949916.
144119101111111111119111· 0119119994111011111
111]1111114ο,11.01111111111111111111111191,41Ρ1111111199Ι
111111111411 - 9141111119111111911111

mdiu· 091199 0111111111 1111111119, 14.

0911119. 01111111119161.ς. 0111111·

811. 01411111 1111111 socius 11,111011.1“011111111199.
16,48.111111111111111111111· 011.011111111008.8,19.
1111019111119441, in 99111,,·11111.Ε9’1.6.011.·01
1111911111911111114111199 11111111 1111111114111911. 19.
1 11411 99, 4. 1111111149, -011 0111111111 1011111111

0111111111199 .“19,11. - 1111 ἵω111ριο111111111111111- ’

0111111111, panau· 1911111111 11111111 censor 01111· 61.
1111111111 49 11., .’ 1141119 44, 11. 49, -1 11.

0111111098, 14 0111111111 114111 11 91111

011144,19,19.4911, 01111111·

0111111111, ,114111 91111011 0111111111111141, 99.
99109949. Dorimachus 91191191 AEtolo

0111111111114, 1111111111.

011111901111111119111119199, 0111119411 .11. 7.

0111111111ιὶ 0111111111) 119011111101111101111111111111 94,
111111114 11.·11 01111111 11
Amphipoli 9111111111 44, 01111111 ,4111111111 11111 11941

01111111111119111911. 01111111111111111111144,19. ,
0111911111191 Rhodioru- 44,¹ 0199111119 (1119111111 01191119

01119111111, 1111111411111 94, 01111191111911194,19,
91. 0111111111.1,91,94,

0111119111 81111141911111111 14, 011111, 0111111 9111141111 196,

0311911111191111111111111111 01911111990111111119ἠ.
1011111· 1 Q 01911111

 

